--- IN SAMPLE EVALUATION ------------------------------
Accuracy: 0.6226431526235576
Precision for first place: 0.5777684077373109

Confusion Matrix
-------------------------------
Predicted      0      1      2      3      4    All
True                                               
0          17855    451     36     12     18  18372
1           1950  10962   1860   1324   2276  18372
2           2345   3221   8909   1132   2765  18372
3           2515   2529   1867   8287   3174  18372
4           2599   1810   1719   1061  11183  18372
All        27264  18973  14391  11816  19416  91860

Classification Report
-------------------------------
              precision    recall  f1-score   support

           0       0.65      0.97      0.78     18372
           1       0.58      0.60      0.59     18372
           2       0.62      0.48      0.54     18372
           3       0.70      0.45      0.55     18372
           4       0.58      0.61      0.59     18372

   micro avg       0.62      0.62      0.62     91860
   macro avg       0.63      0.62      0.61     91860
weighted avg       0.63      0.62      0.61     91860


--- OUT OF SAMPLE EVALUATION ------------------------
Accuracy: 0.39543574820033695
Precision for first place: 0.4064661134163209

Confusion Matrix
-------------------------------
Predicted     0     1     2     3     4    All
True                                          
0          5213   347   339   306   324   6529
1           405  2351  1557  1119  1097   6529
2           554  1525  1400  1309  1741   6529
3           624   875  1217  1463  2350   6529
4           583   686  1207  1571  2482   6529
All        7379  5784  5720  5768  7994  32645

Classification Report
-------------------------------
              precision    recall  f1-score   support

           0       0.71      0.80      0.75      6529
           1       0.41      0.36      0.38      6529
           2       0.24      0.21      0.23      6529
           3       0.25      0.22      0.24      6529
           4       0.31      0.38      0.34      6529

   micro avg       0.40      0.40      0.40     32645
   macro avg       0.38      0.40      0.39     32645
weighted avg       0.38      0.40      0.39     32645
